# k   E(k)  (von Kármán calibrated)
5.454153912482279338e+02 6.511527635064075130e-10
7.060337820567611971e+02 1.761824283990816474e-09
8.666521728652944603e+02 3.820199060541277268e-09
1.027270563673827837e+03 7.142297947534798499e-09
1.187888954482360987e+03 1.199920037143863777e-08
1.348507345290894136e+03 1.858672742852605339e-08
1.509125736099427513e+03 2.700648569517316098e-08
1.669744126907960890e+03 3.725909665382917277e-08
1.830362517716494040e+03 4.924852978661887672e-08
1.990980908525027189e+03 6.279513264351024291e-08
2.151599299333560339e+03 7.765431015652507248e-08
2.312217690142093943e+03 9.353778161691946665e-08
2.472836080950627093e+03 1.101347683702677130e-07
2.633454471759160242e+03 1.271311372281405647e-07
2.794072862567693846e+03 1.442252632590410822e-07
2.954691253376226996e+03 1.611400499451469355e-07
3.115309644184760145e+03 1.776310801490806408e-07
3.275928034993293295e+03 1.934912422671891049e-07
3.436546425801826445e+03 2.085523911313624115e-07
3.597164816610360049e+03 2.226846907661979716e-07
3.757783207418893198e+03 2.357942811346253393e-07
3.918401598227426348e+03 2.478198473730040666e-07
4.079019989035959952e+03 2.587285758507911336e-07
4.239638379844493102e+03 2.685118774967120777e-07
4.400256770653026251e+03 2.771811589549858303e-07
4.560875161461559401e+03 2.847638341421142893e-07
4.721493552270092550e+03 2.912996961658859270e-07
4.882111943078625700e+03 2.968377128992889658e-07
5.042730333887159759e+03 3.014332675627737847e-07
5.203348724695692908e+03 3.051458363569777861e-07
5.363967115504226058e+03 3.080370761043542789e-07
5.524585506312759208e+03 3.101692836679606767e-07
5.685203897121292357e+03 3.116041835471395469e-07
5.845822287929825507e+03 3.124019987755576733e-07
6.006440678738358656e+03 3.126207616949763030e-07
6.167059069546891806e+03 3.123158243026391272e-07
6.327677460355424955e+03 3.115395319050661806e-07
6.488295851163959014e+03 3.103410282169541305e-07
6.648914241972492164e+03 3.087661644583905004e-07
6.809532632781025313e+03 3.068574891973940732e-07
6.970151023589558463e+03 3.046542995254536021e-07
7.130769414398091612e+03 3.021927375768974747e-07
7.291387805206624762e+03 2.995059193902157763e-07
7.452006196015157911e+03 2.966240856720840231e-07
7.612624586823691970e+03 2.935747661916991515e-07
7.773242977632225120e+03 2.903829513424694971e-07
7.933861368440758270e+03 2.870712659021259010e-07
8.094479759249291419e+03 2.836601412431468647e-07
8.255098150057823659e+03 2.801679832329952477e-07
8.415716540866356809e+03 2.766113338547014589e-07
8.576334931674889958e+03 2.730050252054109291e-07
8.736953322483423108e+03 2.693623250221800222e-07
8.897571713291956257e+03 2.656950732650677092e-07
9.058190104100489407e+03 2.620138095782555774e-07
9.218808494909022556e+03 2.583278916680393581e-07
9.379426885717555706e+03 2.546456047966150139e-07
9.540045276526092493e+03 2.509742627046573286e-07
9.700663667334625643e+03 2.473203003536178293e-07
9.861282058143158793e+03 2.436893589284411060e-07
1.002190044895169194e+04 2.400863635695321058e-07
1.018251883976022509e+04 2.365155943144779303e-07
1.034313723056875824e+04 2.329807507294151763e-07
1.050375562137729139e+04 2.294850107003279291e-07
1.066437401218582454e+04 2.260310838385558457e-07
1.082499240299435769e+04 2.226212599344234857e-07
1.098561079380289084e+04 2.192574528697311681e-07
1.114622918461142399e+04 2.159412403750831941e-07
1.130684757541995714e+04 2.126738999925854941e-07
1.146746596622849029e+04 2.094564415789862258e-07
1.162808435703702344e+04 2.062896366593649688e-07
1.178870274784555659e+04 2.031740449173553075e-07
1.194932113865408974e+04 2.001100380848246475e-07
1.210993952946262289e+04 1.970978214721246719e-07
1.227055792027115604e+04 1.941374533595187293e-07
1.243117631107968919e+04 1.912288624512484914e-07
1.259179470188822233e+04 1.883718635759132852e-07
1.275241309269675548e+04 1.855661718003753223e-07
1.291303148350528863e+04 1.828114151092322355e-07
1.307364987431382178e+04 1.801071457879516937e-07
1.323426826512235493e+04 1.774528506349816960e-07
1.339488665593088808e+04 1.748479601164546876e-07
1.355550504673942123e+04 1.722918565664330066e-07
1.371612343754795438e+04 1.697838815259140470e-07
1.387674182835648753e+04 1.673233423049602022e-07
1.403736021916502068e+04 1.649095178442730299e-07
1.419797860997355383e+04 1.625416639452228022e-07
1.435859700078208698e+04 1.602190179307178923e-07
1.451921539159062013e+04 1.579408027932888600e-07
1.467983378239915692e+04 1.557062308813203830e-07
1.484045217320769007e+04 1.535145071694375527e-07
1.500107056401622322e+04 1.513648321545924383e-07
1.516168895482475637e+04 1.492564044153674141e-07
1.532230734563328951e+04 1.471884228683634369e-07
1.548292573644182266e+04 1.451600887522463729e-07
1.564354412725035581e+04 1.431706073670459608e-07
1.580416251805888896e+04 1.412191895936120313e-07
1.596478090886742211e+04 1.393050532157012507e-07
1.612539929967595526e+04 1.374274240649713246e-07
1.628601769048448841e+04 1.355855370071787848e-07
1.644663608129302156e+04 1.337786367860834205e-07
1.660725447210155471e+04 1.320059787399472277e-07
1.676787286291008786e+04 1.302668294040539589e-07
1.692849125371862101e+04 1.285604670113584019e-07
1.708910964452715416e+04 1.268861819021827962e-07
1.724972803533568731e+04 1.252432768528022745e-07
1.741034642614422046e+04 1.236310673317923696e-07
1.757096481695275361e+04 1.220488816921319840e-07
1.773158320776128676e+04 1.204960613062665256e-07
1.789220159856981991e+04 1.189719606506184893e-07
1.805281998937835306e+04 1.174759473453891776e-07
1.821343838018688621e+04 1.160074021549097961e-07
1.837405677099541936e+04 1.145657189532766913e-07
1.853467516180395614e+04 1.131503046595261455e-07
1.869529355261248929e+04 1.117605791461783905e-07
1.885591194342102244e+04 1.103959751245895137e-07
1.901653033422955559e+04 1.090559380102012089e-07
1.917714872503808874e+04 1.077399257704623234e-07
1.933776711584662189e+04 1.064474087579081649e-07
1.949838550665515504e+04 1.051778695306287315e-07
1.965900389746368819e+04 1.039308026621211442e-07
1.981962228827222134e+04 1.027057145423131768e-07
1.998024067908075449e+04 1.015021231713539984e-07
2.014085906988928764e+04 1.003195579475971014e-07
2.030147746069782079e+04 9.915755945104537061e-08
2.046209585150635394e+04 9.801567922338988772e-08
2.062271424231488709e+04 9.689347954564622019e-08
2.078333263312342024e+04 9.579053321428002658e-08
2.094395102393195339e+04 9.470642331661098984e-08
